6.969  -7.796  -2.094
8.716  -6.677  -0.9476
7.866  -5.707  -2.969
6.969  -7.796  -2.094
7.604  -8.258  -0.172
8.716  -6.677  -0.9476
12.72  0.4643  0.7099
11.95  -1.15  -0.921
10.54  -3.576  2.208
-14.72  0.3217  1.826
-14.78  -1.528  0.3605
-15.2  0.4524  -0.2106
-9.453  -1.295  4.793
-3.477  -3.925  4.658
-9.842  -3.21  3.38
-11.71  -1.683  3.865
-9.453  -1.295  4.793
-9.842  -3.21  3.38
4.374  2.551  7.313
-8.847  0.9817  5.32
-10.48  2.678  4.765
7.556  4.153  5.935
5.219  4.435  6.222
6.301  5.425  4.292
-9.69  4.549  3.475
5.219  4.435  6.222
-10.48  2.678  4.765
-8.57  -2.295  -4.985
-10.03  -0.4197  -5.333
-10.92  -2.356  -4.371
-10.03  0.4197  -5.333
-12.03  -0.6274  -4.742
-10.92  -2.356  -4.371
-12.03  0.6274  -4.742
-12.61  2.744  -3.043
-15.2  0.4524  -0.2106
-14.78  -1.528  0.3605
-12.03  -0.6274  -4.742
-15.2  0.4524  -0.2106
10.28  5.469  -4.15
11.37  5.913  -2.417
7.932  6.057  -4.183
-12.61  2.744  -3.043
-13.43  3.762  -0.9896
-15.2  0.4524  -0.2106
-13.43  3.762  0.9896
-11.46  4.624  -2.031
-10.13  5.696  -0.3976
-11.46  4.624  -2.031
-12.61  2.744  -3.043
-10.33  3.37  -3.783
-11.46  4.624  -2.031
-13.43  3.762  -0.9896
-12.61  2.744  -3.043
-9.809  -4.635  -1.103
1.965  -8.857  0.01947
3.731  -9.382  -0.9812
2.221  -7.869  2.15
1.965  -8.857  0.01947
0.07134  -7.799  1.014
7.604  -8.258  -0.172
9.747  -5.186  0.6065
8.716  -6.677  -0.9476
11.95  -1.15  -0.921
9.747  -5.186  0.6065
10.54  -3.576  2.208
8.716  -6.677  0.9476
9.747  -5.186  0.6065
11.95  -1.15  -0.921
2.34  -8.498  -2.256
-9.809  -4.635  -1.103
3.731  -9.382  -0.9812
8.299  8667  -5.986
10.38  0.9173  -5
8.964  2.314  -6.391
10.38  0.9173  -5
11.44  -0.2905  -3.158
13.18  2.995  -2.168
12.28  0.07383  3.061
10.03  0.8933  6.05
11.46  1.812  4.39
10.03  0.8933  6.05
12.28  0.07383  3.061
9.847  -1.402  5.637
12.72  0.4643  0.7099
12.28  0.07383  3.061
13.18  2.995  -2.168
9.847  -1.402  5.637
12.28  0.07383  3.061
10.54  -3.576  2.208
12.28  0.07383  3.061
12.72  0.4643  0.7099
10.54  -3.576  2.208
12.83  0.9885  -1.644
12.72  0.4643  0.7099
13.18  2.995  -2.168
12.72  0.4643  0.7099
12.83  0.9885  -1.644
11.95  -1.15  -0.921
11.44  0.2905  -3.158
12.83  0.9885  -1.644
13.18  2.995  -2.168
12.83  0.9885  -1.644
11.44  -0.2905  -3.158
11.95  -1.15  -0.921
-8.847  0.9817  5.32
-3.027  -1.841  5.789
-9.453  -1.295  4.793
-8.847  0.9817  5.32
-13.24  0.2048  3.734
-10.48  2.678  4.765
-13.24  0.2048  3.734
-14.78  -1.528  0.3605
-14.72  0.3217  1.826
-13.24  0.2048  3.734
-11.71  -1.683  3.865
-14.78  -1.528  0.3605
-13.24  0.2048  3.734
-8.847  0.9817  5.32
-9.453  -1.295  4.793
-11.71  -1.683  3.865
-13.24  0.2048  3.734
-9.453  -1.295  4.793
5.219  4.435  6.222
2.863  3.976  6.138
-10.48  2.678  4.765
8.66  4.865  3.879
7.556  4.153  5.935
6.301  5.425  4.292
7.556  4.153  5.935
6.385  3.103  7.319
5.219  4.435  6.222
6.385  3.103  7.319
2.863  3.976  6.138
5.219  4.435  6.222
4.374  2.551  7.313
6.385  3.103  7.319
6.152  1.036  7.51
6.385  3.103  7.319
4.374  2.551  7.313
-10.48  2.678  4.765
2.863  3.976  6.138
6.385  3.103  7.319
-10.48  2.678  4.765
-8.75  5.699  1.562
-10.13  5.696  -0.3976
-3.893  6.186  1.128
0.01316  5.977  2.826
-8.75  5.699  1.562
-3.893  6.186  1.128
-12.03  3.828  3.392
-9.69  4.549  3.475
-10.48  2.678  4.765
-12.03  3.828  3.392
-13.43  3.762  -0.9896
-10.13  5.696  -0.3976
-8.75  5.699  1.562
-12.03  3.828  3.392
-10.13  5.696  -0.3976
-12.03  3.828  3.392
-8.75  5.699  1.562
-9.69  4.549  3.475
5.219  4.435  6.222
3.85  5.446  4.498
6.301  5.425  4.292
-7.633  0.1725  -5.608
-1.334  -1.666  -6.143
4.413  1.158  -6.972
-1.334  -1.666  -6.143
-7.633  -0.1725  -5.608
-10.03  -0.4197  -5.333
-7.012  -3.934  -4.128
-8.57  -2.295  -4.985
-10.92  -2.356  -4.371
-9.337  -3.878  -3.344
-7.012  -3.934  -4.128
-10.92  -2.356  -4.371
-1.334  -1.666  -6.143
-2.249  -3.745  -5.313
0.1898  -3.53  -5.657
-6.177  -2.107  -5.444
-1.334  -1.666  -6.143
-10.03  -0.4197  -5.333
-8.57  -2.295  -4.985
-6.177  -2.107  -5.444
-10.03  -0.4197  -5.333
-6.177  -2.107  -5.444
-2.249  -3.745  -5.313
-1.334  -1.666  -6.143
-2.249  -3.745  -5.313
-6.177  -2.107  -5.444
-8.57  -2.295  -4.985
4.136  4.934  -5.559
7.405  3.567  -6.986
7.932  6.057  -4.183
10.74  3.329  -5.084
10.38  0.9173  -5
13.18  2.995  -2.168
10.38  0.9173  -5
10.74  3.329  -5.084
8.964  2.314  -6.391
10.74  3.329  -5.084
7.405  3.567  -6.986
8.964  2.314  -6.391
10.28  5.469  -4.15
12.2  4.316  -3.434
11.37  5.913  -2.417
12.56  4.72  -1.209
12.2  4.316  -3.434
13.18  2.995  -2.168
12.2  4.316  -3.434
12.56  4.72  -1.209
11.37  5.913  -2.417
12.2  4.316  -3.434
10.74  3.329  -5.084
13.18  2.995  -2.168
11.37  5.913  -2.417
9.345  6.493  -2.27
7.932  6.057  -4.183
2.438  6.166  2.639
0.01316  5.977  2.826
-3.893  6.186  1.128
2.438  6.166  2.639
3.85  5.446  4.498
-0.01316  5.977  2.826
-11.41  1.366  -4.639
-12.03  -0.6274  -4.742
-10.03  -0.4197  -5.333
-12.61  2.744  -3.043
-11.41  1.366  -4.639
-10.33  3.37  -3.783
-12.03  0.6274  -4.742
-11.41  1.366  -4.639
-12.61  2.744  -3.043
-11.41  1.366  -4.639
-9.033  1.746  -5.073
-10.33  3.37  -3.783
-9.033  1.746  -5.073
-11.41  1.366  -4.639
-10.03  -0.4197  -5.333
-9.033  1.746  -5.073
-7.904  3.676  -4.122
-10.33  3.37  -3.783
-9.076  4.974  -2.435
-7.904  3.676  -4.122
4.136  4.934  -5.559
-11.46  4.624  -2.031
-9.076  4.974  -2.435
-10.13  5.696  -0.3976
-9.076  4.974  -2.435
-11.46  4.624  -2.031
-10.33  3.37  -3.783
-7.904  3.676  -4.122
-9.076  4.974  -2.435
-10.33  3.37  -3.783
-14.78  -1.528  0.3605
-9.966  -4.436  1.302
-9.809  -4.635  -1.103
-9.966  -4.436  1.302
1.965  -8.857  0.01947
-9.809  -4.635  -1.103
-9.966  -4.436  1.302
-11.71  -1.683  3.865
-9.842  -3.21  3.38
-11.71  -1.683  3.865
-9.966  -4.436  1.302
-14.78  -1.528  0.3605
1.965  -8.857  0.01947
-9.966  -4.436  1.302
0.07134  -7.799  1.014
6.969  -7.796  -2.094
5.755  -9.098  -0.6026
7.604  -8.258  -0.172
2.221  -7.869  2.15
0.3303  -6.611  3.089
2.627  -6.185  3.88
4.523  -7.405  2.864
2.221  -7.869  2.15
2.627  -6.185  3.88
9.747  -5.186  0.6065
8.316  -6.97  1.301
10.54  -3.576  2.208
8.316  -6.97  1.301
9.747  -5.186  0.6065
7.604  -8.258  -0.172
-11.6  -3.577  -2.401
-9.337  -3.878  -3.344
-10.92  -2.356  -4.371
-11.6  -3.577  -2.401
-14.78  -1.528  0.3605
-9.809  -4.635  -1.103
2.34  -8.498  -2.256
-11.6  -3.577  -2.401
-9.809  -4.635  -1.103
-11.6  -3.577  -2.401
2.34  -8.498  -2.256
-9.337  -3.878  -3.344
-12.03  0.6274  -4.742
-11.6  -3.577  -2.401
-10.92  -2.356  -4.371
-11.6  -3.577  -2.401
-12.03  -0.6274  -4.742
-14.78  -1.528  0.3605
-7.012  -3.934  -4.128
0.8358  -7.015  -3.426
-3.069  -5.442  -3.815
2.34  -8.498  -2.256
0.8358  -7.015  -3.426
-9.337  -3.878  -3.344
0.8358  -7.015  -3.426
-7.012  -3.934  -4.128
-9.337  -3.878  -3.344
3.243  -6.945  -3.849
0.8358  -7.015  -3.426
2.34  -8.498  -2.256
3.243  -6.945  -3.849
2.641  -3.226  -5.804
0.1898  -3.53  -5.657
2.641  -3.226  -5.804
3.243  -6.945  -3.849
5.074  -2.792  -5.702
1.105  -1.392  -6.372
-1.334  -1.666  -6.143
0.1898  -3.53  -5.657
2.641  -3.226  -5.804
1.105  -1.392  -6.372
0.1898  -3.53  -5.657
1.105  -1.392  -6.372
2.641  -3.226  -5.804
3.54  -1.063  -6.507
-1.334  -1.666  -6.143
1.105  -1.392  -6.372
4.413  1.158  -6.972
1.105  -1.392  -6.372
3.54  -1.063  -6.507
4.413  1.158  -6.972
5.662  -6.504  -3.702
6.969  -7.796  -2.094
7.866  -5.707  -2.969
3.243  -6.945  -3.849
5.662  -6.504  -3.702
5.074  -2.792  -5.702
9.578  -1.33  -4.394
8.299  0.008667  -5.986
7.866  -5.707  -2.969
8.299  8667  -5.986
9.578  -1.33  -4.394
10.38  0.9173  -5
11.44  0.2905  -3.158
9.578  -1.33  -4.394
7.866  -5.707  -2.969
9.578  -1.33  -4.394
11.44  -0.2905  -3.158
10.38  0.9173  -5
3.54  -1.063  -6.507
6.796  1.57  -7.051
4.413  1.158  -6.972
6.796  1.57  -7.051
8.299  0.008667  -5.986
8.964  2.314  -6.391
7.405  3.567  -6.986
6.796  1.57  -7.051
8.964  2.314  -6.391
10.52  -2.435  -2.43
8.716  -6.677  -0.9476
11.95  -1.15  -0.921
11.44  0.2905  -3.158
10.52  -2.435  -2.43
11.95  -1.15  -0.921
8.716  -6.677  0.9476
10.52  -2.435  -2.43
7.866  -5.707  -2.969
10.52  -2.435  -2.43
11.44  -0.2905  -3.158
7.866  -5.707  -2.969
12.33  2.312  2.19
12.28  0.07383  3.061
11.46  1.812  4.39
12.33  2.312  2.19
12.56  4.72  -1.209
13.18  2.995  -2.168
12.28  0.07383  3.061
12.33  2.312  2.19
13.18  2.995  -2.168
0.7207  -4.851  4.724
3.045  -4.213  5.294
2.627  -6.185  3.88
-1.175  -3.414  5.39
-3.477  -3.925  4.658
-9.453  -1.295  4.793
-3.027  -1.841  5.789
-1.175  -3.414  5.39
-9.453  -1.295  4.793
-1.175  -3.414  5.39
0.7207  -4.851  4.724
-3.477  -3.925  4.658
3.888  0.1958  7.235
4.374  2.551  7.313
6.152  1.036  7.51
4.374  2.551  7.313
3.888  0.1958  7.235
-8.847  0.9817  5.32
12.56  4.72  -1.209
9.703  5.437  1.738
11.37  5.913  -2.417
9.703  5.437  1.738
8.66  4.865  3.879
6.301  5.425  4.292
8.168  2.116  6.892
6.385  3.103  7.319
7.556  4.153  5.935
6.385  3.103  7.319
8.168  2.116  6.892
6.152  1.036  7.51
-12.03  3.828  3.392
-13.79  2.323  2.813
-13.43  3.762  -0.9896
-13.79  2.323  2.813
-14.72  0.3217  1.826
-15.2  0.4524  -0.2106
-13.43  3.762  0.9896
-13.79  2.323  2.813
-15.2  0.4524  -0.2106
-13.79  2.323  2.813
-13.24  0.2048  3.734
-14.72  0.3217  1.826
-13.24  0.2048  3.734
-13.79  2.323  2.813
-10.48  2.678  4.765
-13.79  2.323  2.813
-12.03  3.828  3.392
-10.48  2.678  4.765
1.428  5.126  4.581
3.85  5.446  4.498
5.219  4.435  6.222
3.85  5.446  4.498
-4.864  5.337  3.165
-0.01316  5.977  2.826
-4.864  5.337  3.165
-8.75  5.699  1.562
-0.01316  5.977  2.826
1.428  5.126  4.581
-4.864  5.337  3.165
3.85  5.446  4.498
5.324  3.374  -6.921
-7.633  -0.1725  -5.608
4.413  1.158  -6.972
6.796  1.57  -7.051
5.324  3.374  -6.921
4.413  1.158  -6.972
5.324  3.374  -6.921
6.796  1.57  -7.051
7.405  3.567  -6.986
-7.633  -0.1725  -5.608
5.324  3.374  -6.921
-10.03  -0.4197  -5.333
5.324  3.374  -6.921
-9.033  1.746  -5.073
-10.03  -0.4197  -5.333
5.324  3.374  -6.921
-7.904  3.676  -4.122
-9.033  1.746  -5.073
5.324  3.374  -6.921
7.405  3.567  -6.986
4.136  4.934  -5.559
-7.904  3.676  -4.122
5.324  3.374  -6.921
4.136  4.934  -5.559
10.74  3.329  -5.084
8.824  4.561  -5.823
7.405  3.567  -6.986
8.824  4.561  -5.823
10.28  5.469  -4.15
7.932  6.057  -4.183
7.405  3.567  -6.986
8.824  4.561  -5.823
7.932  6.057  -4.183
8.824  4.561  -5.823
12.2  4.316  -3.434
10.28  5.469  -4.15
12.2  4.316  -3.434
8.824  4.561  -5.823
10.74  3.329  -5.084
3.85  5.446  4.498
4.899  6.203  2.424
6.301  5.425  4.292
2.438  6.166  2.639
4.899  6.203  2.424
3.85  5.446  4.498
-1.854  -6.696  1.989
2.221  -7.869  2.15
0.07134  -7.799  1.014
-9.966  -4.436  1.302
-1.854  -6.696  1.989
0.07134  -7.799  1.014
0.7207  -4.851  4.724
-1.576  -5.31  3.939
-3.477  -3.925  4.658
-1.576  -5.31  3.939
0.7207  -4.851  4.724
2.627  -6.185  3.88
0.3303  -6.611  3.089
-1.576  -5.31  3.939
2.627  -6.185  3.88
-3.797  -5.547  2.905
0.3303  -6.611  3.089
2.221  -7.869  2.15
-1.854  -6.696  1.989
-3.797  -5.547  2.905
2.221  -7.869  2.15
-3.797  -5.547  2.905
-9.966  -4.436  1.302
-9.842  -3.21  3.38
-3.797  -5.547  2.905
-1.854  -6.696  1.989
-9.966  -4.436  1.302
4.523  -7.405  2.864
4.092  -8.946  1.017
2.221  -7.869  2.15
1.965  -8.857  0.01947
4.092  -8.946  1.017
3.731  -9.382  -0.9812
2.221  -7.869  2.15
4.092  -8.946  1.017
1.965  -8.857  -0.01947
4.092  -8.946  1.017
5.755  -9.098  -0.6026
3.731  -9.382  -0.9812
7.214  -4.523  4.503
7.656  -2.501  5.822
9.847  -1.402  5.637
7.656  -2.501  5.822
8.041  -0.2827  6.783
9.847  -1.402  5.637
8.041  -0.2827  6.783
10.03  0.8933  6.05
9.847  -1.402  5.637
8.168  2.116  6.892
8.041  -0.2827  6.783
6.152  1.036  7.51
8.041  -0.2827  6.783
8.168  2.116  6.892
10.03  0.8933  6.05
9.36  -3.353  4.307
7.214  -4.523  4.503
9.847  -1.402  5.637
7.214  -4.523  4.503
9.36  -3.353  4.307
6.788  -6.486  3.091
9.36  -3.353  4.307
9.847  -1.402  5.637
10.54  -3.576  2.208
8.316  -6.97  1.301
9.36  -3.353  4.307
10.54  -3.576  2.208
0.8358  -7.015  -3.426
-0.7042  -5.437  -4.461
-3.069  -5.442  -3.815
-0.7042  -5.437  -4.461
-7.012  -3.934  -4.128
-3.069  -5.442  -3.815
3.243  -6.945  -3.849
-0.7042  -5.437  -4.461
0.8358  -7.015  -3.426
-7.012  -3.934  -4.128
-0.7042  -5.437  -4.461
-8.57  -2.295  -4.985
-0.7042  -5.437  -4.461
-2.249  -3.745  -5.313
-8.57  -2.295  -4.985
-2.249  -3.745  -5.313
-0.7042  -5.437  -4.461
0.1898  -3.53  -5.657
-0.7042  -5.437  -4.461
3.243  -6.945  -3.849
0.1898  -3.53  -5.657
5.662  -6.504  -3.702
6.544  -4.351  -4.509
5.074  -2.792  -5.702
6.544  -4.351  -4.509
5.662  -6.504  -3.702
7.866  -5.707  -2.969
5.662  -6.504  -3.702
4.693  -8.428  -2.557
6.969  -7.796  -2.094
4.693  -8.428  -2.557
5.662  -6.504  -3.702
3.243  -6.945  -3.849
5.755  -9.098  -0.6026
4.693  -8.428  -2.557
3.731  -9.382  -0.9812
4.693  -8.428  -2.557
5.755  -9.098  -0.6026
6.969  -7.796  -2.094
4.693  -8.428  -2.557
2.34  -8.498  -2.256
3.731  -9.382  -0.9812
4.693  -8.428  -2.557
3.243  -6.945  -3.849
2.34  -8.498  -2.256
6.796  1.57  -7.051
5.962  -0.6333  -6.455
8.299  0.008667  -5.986
6.544  -4.351  -4.509
5.962  -0.6333  -6.455
5.074  -2.792  -5.702
5.962  -0.6333  -6.455
6.796  1.57  -7.051
3.54  -1.063  -6.507
5.962  -0.6333  -6.455
2.641  -3.226  -5.804
5.074  -2.792  -5.702
2.641  -3.226  -5.804
5.962  -0.6333  -6.455
3.54  -1.063  -6.507
1.149  -2.79  5.965
-1.175  -3.414  5.39
-3.027  -1.841  5.789
3.045  -4.213  5.294
1.149  -2.79  5.965
3.468  -2.082  6.449
1.149  -2.79  5.965
3.045  -4.213  5.294
0.7207  -4.851  4.724
-1.175  -3.414  5.39
1.149  -2.79  5.965
0.7207  -4.851  4.724
-0.7075  -1.213  6.288
-3.027  -1.841  5.789
-8.847  0.9817  5.32
3.888  0.1958  7.235
-0.7075  -1.213  6.288
-8.847  0.9817  5.32
-0.7075  -1.213  6.288
1.149  -2.79  5.965
-3.027  -1.841  5.789
1.149  -2.79  5.965
-0.7075  -1.213  6.288
3.468  -2.082  6.449
9.703  5.437  1.738
10.79  3.841  3.233
8.66  4.865  3.879
8.66  4.865  3.879
10.79  3.841  3.233
7.556  4.153  5.935
10.79  3.841  3.233
9.703  5.437  1.738
12.56  4.72  -1.209
10.79  3.841  3.233
12.33  2.312  2.19
11.46  1.812  4.39
12.33  2.312  2.19
10.79  3.841  3.233
12.56  4.72  -1.209
9.345  6.493  -2.27
8.356  6.413  -0.05497
5.919  6.563  0.219
8.356  6.413  0.05497
4.899  6.203  2.424
5.919  6.563  0.219
8.356  6.413  0.05497
9.345  6.493  -2.27
11.37  5.913  -2.417
9.703  5.437  1.738
8.356  6.413  -0.05497
11.37  5.913  -2.417
-7.278  4.963  3.332
-4.864  5.337  3.165
1.428  5.126  4.581
-9.69  4.549  3.475
-7.278  4.963  3.332
5.219  4.435  6.222
-7.278  4.963  3.332
1.428  5.126  4.581
5.219  4.435  6.222
-8.75  5.699  1.562
-7.278  4.963  3.332
-9.69  4.549  3.475
-4.864  5.337  3.165
-7.278  4.963  3.332
-8.75  5.699  1.562
9.345  6.493  -2.27
6.918  6.608  -2.028
7.932  6.057  -4.183
6.918  6.608  -2.028
9.345  6.493  -2.27
5.919  6.563  0.219
3.066  5.964  -3.647
-9.076  4.974  -2.435
4.136  4.934  -5.559
-9.076  4.974  -2.435
3.066  5.964  -3.647
-10.13  5.696  -0.3976
1.003  6.537  0.6955
2.438  6.166  2.639
-3.893  6.186  1.128
-5.725  -4.283  3.72
-1.576  -5.31  3.939
0.3303  -6.611  3.089
-3.797  -5.547  2.905
-5.725  -4.283  3.72
0.3303  -6.611  3.089
-5.725  -4.283  3.72
-3.797  -5.547  2.905
-9.842  -3.21  3.38
-3.477  -3.925  4.658
-5.725  -4.283  3.72
-9.842  -3.21  3.38
-1.576  -5.31  3.939
-5.725  -4.283  3.72
-3.477  -3.925  4.658
6.35  -8.271  1.489
4.523  -7.405  2.864
6.788  -6.486  3.091
6.35  -8.271  1.489
4.092  -8.946  1.017
4.523  -7.405  2.864
6.35  -8.271  1.489
8.316  -6.97  1.301
7.604  -8.258  -0.172
8.316  -6.97  1.301
6.35  -8.271  1.489
6.788  -6.486  3.091
5.755  -9.098  -0.6026
6.35  -8.271  1.489
7.604  -8.258  -0.172
4.092  -8.946  1.017
6.35  -8.271  1.489
5.755  -9.098  -0.6026
4.523  -7.405  2.864
4.943  -5.476  4.352
6.788  -6.486  3.091
4.943  -5.476  4.352
7.214  -4.523  4.503
6.788  -6.486  3.091
4.943  -5.476  4.352
4.523  -7.405  2.864
2.627  -6.185  3.88
3.045  -4.213  5.294
4.943  -5.476  4.352
2.627  -6.185  3.88
7.214  -4.523  4.503
4.943  -5.476  4.352
7.656  -2.501  5.822
5.782  -1.276  6.804
8.041  -0.2827  6.783
7.656  -2.501  5.822
8.041  -0.2827  6.783
5.782  -1.276  6.804
6.152  1.036  7.51
5.782  -1.276  6.804
3.888  0.1958  7.235
6.152  1.036  7.51
3.888  0.1958  7.235
5.782  -1.276  6.804
3.468  -2.082  6.449
8.817  -5.17  2.813
8.316  -6.97  1.301
6.788  -6.486  3.091
9.36  -3.353  4.307
8.817  -5.17  2.813
6.788  -6.486  3.091
8.817  -5.17  2.813
9.36  -3.353  4.307
8.316  -6.97  1.301
5.962  -0.6333  -6.455
7.426  -2.177  -5.264
8.299  0.008667  -5.986
7.426  -2.177  -5.264
5.962  -0.6333  -6.455
6.544  -4.351  -4.509
8.299  0.008667  -5.986
7.426  -2.177  -5.264
7.866  -5.707  -2.969
7.426  -2.177  -5.264
6.544  -4.351  -4.509
7.866  -5.707  -2.969
1.6  -0.5343  6.758
3.888  0.1958  7.235
3.468  -2.082  6.449
-0.7075  -1.213  6.288
1.6  -0.5343  6.758
3.468  -2.082  6.449
1.6  -0.5343  6.758
-0.7075  -1.213  6.288
3.888  0.1958  7.235
9.654  3.14  5.292
10.79  3.841  3.233
11.46  1.812  4.39
10.79  3.841  3.233
9.654  3.14  5.292
7.556  4.153  5.935
9.654  3.14  5.292
8.168  2.116  6.892
7.556  4.153  5.935
10.03  0.8933  6.05
9.654  3.14  5.292
11.46  1.812  4.39
8.168  2.116  6.892
9.654  3.14  5.292
10.03  0.8933  6.05
4.899  6.203  2.424
7.342  5.99  2.141
6.301  5.425  4.292
8.356  6.413  0.05497
7.342  5.99  2.141
4.899  6.203  2.424
7.342  5.99  2.141
9.703  5.437  1.738
6.301  5.425  4.292
7.342  5.99  2.141
8.356  6.413  -0.05497
9.703  5.437  1.738
3.066  5.964  -3.647
5.493  6.125  -3.949
-10.13  5.696  -0.3976
6.918  6.608  -2.028
5.493  6.125  -3.949
7.932  6.057  -4.183
5.493  6.125  -3.949
4.136  4.934  -5.559
7.932  6.057  -4.183
5.493  6.125  -3.949
3.066  5.964  -3.647
4.136  4.934  -5.559
3.463  6.594  0.4665
6.918  6.608  -2.028
5.919  6.563  0.219
4.899  6.203  2.424
3.463  6.594  0.4665
5.919  6.563  0.219
3.463  6.594  0.4665
4.899  6.203  2.424
2.438  6.166  2.639
1.003  6.537  0.6955
3.463  6.594  0.4665
2.438  6.166  2.639
5.367  -3.43  5.674
4.943  -5.476  4.352
3.045  -4.213  5.294
5.367  -3.43  5.674
3.045  -4.213  5.294
3.468  -2.082  6.449
5.782  -1.276  6.804
5.367  -3.43  5.674
3.468  -2.082  6.449
4.943  -5.476  4.352
5.367  -3.43  5.674
7.656  -2.501  5.822
5.367  -3.43  5.674
5.782  -1.276  6.804
7.656  -2.501  5.822
5.493  6.125  -3.949
4.478  6.572  -1.763
-0.4185  6.385  -1.277
4.478  6.572  -1.763
5.493  6.125  -3.949
6.918  6.608  -2.028
4.478  6.572  -1.763
1.003  6.537  0.6955
-0.4185  6.385  -1.277
3.463  6.594  0.4665
4.478  6.572  -1.763
6.918  6.608  -2.028
4.478  6.572  -1.763
3.463  6.594  0.4665
1.003  6.537  0.6955
5.493  6.125  -3.949
-2.861  6.224  -1.055
-10.13  5.696  -0.3976
-2.861  6.224  -1.055
5.493  6.125  -3.949
-0.4185  6.385  -1.277
1.003  6.537  0.6955
-2.861  6.224  -1.055
-0.4185  6.385  -1.277
-10.13  5.696  -0.3976
-2.861  6.224  -1.055
-3.893  6.186  1.128
-2.861  6.224  -1.055
1.003  6.537  0.6955
-3.893  6.186  1.128
