       -14.72  0.3217  1.826
       -13.69  -1.779  2.432
       11.89  -1.692  1.468
       -13.22  4.149  1.336
       -12.03  3.828  3.392
       -0.969  4.692  4.632
       -1.798  2.755  5.81
       0.7207  -4.851  4.724
       1.726  -5.278  -4.849
       -13.24  0.2048  3.734
       -13.79  2.323  2.813
       -14.6  2.325  0.5444
       -13.43  3.762  -0.9896
       -13.35  0.4887  -3.557
       -14.37  1.666  -1.72
       -11.6  -3.577  -2.401
       -7.633  -0.1725  -5.60
       -3.763  -1.899  -5.833
       -5.905  -5.519  1.664
       -4.652  -3.88  -4.79
       -9.337  -3.878  -3.344
       -7.903  -5.226  0.3009
       0.1898  -3.53  -5.657
       12.56  4.72  -1.209
       12.2  4.316  -3.434
       13.04  2.708  0.08997
       -7.61  -5.037  -2.081
       2.641  -3.226  -5.804
       1.105  -1.392  -6.372
       2.126  1.817  6.899
       1.6  -0.5343  6.758
       3.888  0.1958  7.235
       6.788  -6.486  3.091
       12.83  0.9885  -1.644
       12.16  1.975  -3.698
       10.72  5.951  -0.4201
       11.79  4.38  1.062
       6.969  -7.796  -2.094
       8.716  -6.677  -0.9476
       7.866  -5.707  -2.969
       6.544  -4.351  -4.509
       9.615  -4.573  -1.703
       -12.61  2.744  -3.043
       -9.033  1.746  -5.073
       -11.41  1.366  -4.639
       -6.177  -2.107  -5.444
       -5.468  3.899  -4.357
       -5.219  0.05933  -5.871
       -2.445  5.686  2.99
       -4.211  5.369  -2.886
       -3.893  6.186  1.12
       -9.809  -4.635  -1.103
       -7.892  -4.456  2.58
       -13.6  -2.837  -1.205
       -11.93  -4.079  0.06264
       -9.966  -4.436  1.302
       -11.96  -3.398  2.186
       -1.175  -3.414  5.3
       -1.334  -1.666  -6.143
       -2.8  0.2938  -6.139
       -4.182  2.212  -5.544
       -2.475  0.4712  6.198
       -4.143  2.158  5.672
       -3.355  4.212  4.678
       -11.71  -1.683  3.865
       -11.17  0.434  4.893
       -9.842  -3.21  3.38
       -7.618  -2.868  4.368
       -9.453  -1.295  4.793
       -7.137  -0.752  5.404
       -8.847  0.9817  5.32
       3.54  -1.063  -6.507
       2.02  0.8328  -6.684
       4.413  1.158  -6.972
       6.796  1.57  -7.051
       -3.892  -6.45  0.6819
       -1.854  -6.696  1.989
       -2.249  -3.745  -5.313
       -0.7042  -5.437  -4.461
       -3.069  -5.442  -3.815
       2.03  6.499  -1.50
       3.066  5.964  -3.647
       -0.3843  0.5462  -6.402
       -1.772  2.452  -5.802
       0.6217  2.721  -6.103
       4.136  4.934  -5.559
       -3.042  4.123  -4.593
       -0.1592  1.127  6.526
       -0.7075  -1.213  6.288
       1.149  -2.79  5.965
       1.428  5.126  4.581
       0.6447  5.771  -3.363
       8.817  -5.17  2.813
       11.24  -1.907  3.793
       9.747  -5.186  0.6065
       2.438  6.166  2.639
       3.85  5.446  4.49
       8.66  4.865  3.879
       6.301  5.425  4.292
       7.556  4.153  5.935
       3.468  -2.082  6.449
       3.045  -4.213  5.294
       6.35  -8.271  1.489
       4.693  -8.428  -2.557
       4.523  -7.405  2.864
       4.943  -5.476  4.352
       2.627  -6.185  3.88
       4.173  -4.928  -4.882
       5.662  -6.504  -3.702
       3.243  -6.945  -3.849
       -9.69  4.549  3.475
       -10.33  3.37  -3.783
       -11.46  4.624  -2.031
       10.92  -3.217  -0.159
       11.95  -1.15  -0.921
       11.44  -0.2905  -3.158
       12.72  0.4643  0.7099
       9.703  5.437  1.738
       7.342  5.99  2.141
       10.79  3.841  3.233
       -6.605  1.987  -5.311
       -3.797  -5.547  2.905
       -1.576  -5.31  3.939
       -5.34  -2.405  5.169
       -5.725  -4.283  3.72
       -3.477  -3.925  4.658
       -3.027  -1.841  5.789
       -4.806  -0.156  5.846
       10.74  3.329  -5.084
       8.964  2.314  -6.391
       6.524  5.106  -5.904
       4.478  6.572  -1.763
       9.345  6.493  -2.27
       7.932  6.057  -4.183
       5.493  6.125  -3.949
       6.918  6.608  -2.028
       8.356  6.413  0.05497
       10.38  0.9173  -5
       4.092  -8.946  1.017
       2.34  -8.498  -2.256
       2.221  -7.869  2.15
       0.07134  -7.799  1.014
       0.3303  -6.611  3.089
       -1.456  -6.813  -2.643
       0.8358  -7.015  -3.426
       0.1877  -7.998  -1.352
       -1.782  5.574  -3.115
       -2.861  6.224  -1.055
       1.003  6.537  0.6955
       -0.01316  5.977  2.826
       -0.4185  6.385  -1.277
       -1.451  6.398  0.9135
       8.706  -3.512  -3.679
       5.074  -2.792  -5.702
       4.899  6.203  2.424
       5.919  6.563  0.219
       3.463  6.594  0.4665
       9.578  -1.33  -4.394
       10.52  -2.435  -2.43
       7.426  -2.177  -5.264
       5.962  -0.6333  -6.455
       8.299  0.008667  -5.986
       5.782  -1.276  6.804
       5.367  -3.43  5.674
       7.214  -4.523  4.503
       8.041  -0.2827  6.783
       9.654  3.14  5.292
       7.656  -2.501  5.822
       9.36  -3.353  4.307
       9.847  -1.402  5.637
       -8.115  3.212  4.76
       -9.076  4.974  -2.435
       -8.75  5.699  1.562
       -7.904  3.676  -4.122
       -6.643  5.17  -2.666
       -7.724  5.856  -0.6196
       -6.496  1.568  5.52
       -7.278  4.963  3.332
       -5.735  3.712  4.716
       -6.324  5.94  1.344
       -5.298  6.031  -0.837
       -4.211  5.369  -2.886
       -4.864  5.337  3.165
